numero,C4_2,C4_9,C4_2_nueva
1,2,0,2
2,2,0,2
3,0,0,0
4,0,0,0
5,0,0,0
6,2,0,2
7,0,0,0
8,2,0,2
9,2,0,2
10,2,0,2
11,2,0,2
12,2,0,2
13,2,0,2
14,2,0,2
15,0,0,0
16,0,0,0
17,0,0,0
18,2,0,2
19,2,0,2
20,0,0,0
21,0,0,0
22,2,0,2
23,2,0,2
24,0,0,0
25,2,9,2
26,0,9,2
27,2,0,2
28,2,0,2
29,2,0,2
30,0,0,0
31,0,0,0
32,0,0,0
33,2,0,2
34,2,9,2
35,2,0,2
36,2,0,2
37,2,0,2
38,2,0,2
39,0,0,0
40,2,0,2
41,2,0,2
42,0,0,0
43,0,0,0
44,2,0,2
45,0,0,0
46,0,0,0
47,2,0,2
48,2,0,2
49,0,9,2
50,0,0,0
51,2,0,2
52,0,0,0
53,2,0,2
54,0,0,0
55,2,0,2
56,0,0,0
57,2,0,2
58,2,0,2
59,2,0,2
60,0,0,0
61,0,0,0
62,0,0,0
63,2,0,2
64,2,0,2
65,0,0,0
66,0,0,0
67,2,0,2
68,0,0,0
69,2,0,2
70,2,0,2
71,2,0,2
72,2,0,2
73,2,0,2
74,2,0,2
75,2,0,2
76,2,0,2
77,0,0,0
78,2,0,2
79,2,0,2
80,0,0,0
81,0,0,0
82,2,0,2
83,0,0,0
84,2,0,2
85,0,0,0
86,0,0,0
87,2,0,2
88,2,0,2
89,0,0,0
90,2,0,2
91,2,0,2
92,0,0,0
93,2,0,2
94,2,0,2
95,0,0,0
96,2,0,2
97,2,0,2
98,0,0,0
99,2,0,2
100,0,0,0
101,0,0,0
102,2,0,2
103,2,0,2
104,0,0,0
105,0,0,0
106,2,0,2
107,2,0,2
108,2,0,2
109,2,0,2
110,2,0,2
111,2,0,2
112,2,0,2
113,2,0,2
114,2,0,2
115,2,0,2
116,0,0,0
117,2,0,2
118,2,0,2
119,2,0,2
120,0,0,0
121,2,0,2
122,0,0,0
123,2,0,2
124,2,0,2
125,0,0,0
126,2,0,2
127,0,0,0
128,0,0,0
129,0,0,0
130,0,0,0
131,2,0,2
132,2,0,2
133,0,0,0
134,2,0,2
135,2,0,2
136,0,0,0
137,2,0,2
138,2,9,2
139,0,0,0
140,0,0,0
141,0,0,0
142,0,0,0
143,0,0,0
144,0,0,0
145,2,0,2
146,2,0,2
147,0,0,0
148,2,0,2
149,2,0,2
150,0,0,0
151,0,0,0
152,2,0,2
153,0,0,0
154,2,0,2
155,2,0,2
156,2,0,2
157,2,0,2
158,0,0,0
159,2,0,2
160,0,0,0
161,0,0,0
162,2,0,2
163,0,0,0
164,2,0,2
165,0,0,0
166,2,0,2
167,0,0,0
168,2,0,2
169,0,0,0
170,2,0,2
171,2,0,2
172,2,0,2
173,2,0,2
174,2,0,2
175,2,0,2
176,0,0,0
177,0,0,0
178,2,0,2
179,2,0,2
180,2,0,2
181,2,0,2
182,0,0,0
183,0,0,0
184,2,0,2
185,0,0,0
186,2,0,2
187,2,0,2
188,0,0,0
189,0,0,0
190,2,0,2
191,0,0,0
192,0,0,0
193,2,0,2
194,0,0,0
195,2,0,2
196,2,0,2
197,2,0,2
198,0,0,0
199,2,0,2
200,0,0,0
201,0,0,0
202,0,0,0
203,0,0,0
204,2,0,2
205,2,0,2
206,0,0,0
207,0,0,0
208,2,0,2
209,2,0,2
210,0,0,0
211,2,0,2
212,2,0,2
213,2,0,2
214,2,0,2
215,0,0,0
216,0,0,0
217,2,0,2
218,0,0,0
219,0,0,0
220,2,9,2
221,2,0,2
222,2,0,2
223,0,0,0
224,2,0,2
225,2,0,2
226,2,0,2
227,2,0,2
228,0,0,0
229,0,0,0
230,0,0,0
231,2,0,2
232,2,0,2
233,2,0,2
234,2,0,2
235,2,0,2
236,2,0,2
237,2,0,2
238,0,0,0
239,0,0,0
240,0,0,0
241,2,0,2
242,2,0,2
243,0,0,0
244,0,0,0
245,2,0,2
246,2,0,2
247,2,0,2
248,0,0,0
249,2,0,2
250,2,0,2
251,0,0,0
252,2,0,2
253,2,0,2
254,2,0,2
255,0,0,0
256,0,0,0
257,0,0,0
258,2,0,2
259,2,0,2
260,2,0,2
261,0,0,0
262,2,0,2
263,2,0,2
264,2,0,2
265,2,0,2
266,0,0,0
267,0,0,0
268,2,0,2
269,0,0,0
270,2,0,2
271,2,0,2
272,2,0,2
273,2,0,2
274,2,0,2
275,2,0,2
276,2,0,2
277,0,0,0
278,2,0,2
279,0,0,0
280,2,0,2
281,2,0,2
282,0,9,2
283,2,0,2
284,2,0,2
285,2,0,2
286,0,0,0
287,2,0,2
288,0,0,0
289,2,0,2
290,2,0,2
291,2,0,2
292,0,0,0
293,2,0,2
294,2,0,2
295,2,0,2
296,0,0,0
297,0,0,0
298,2,0,2
299,2,0,2
300,2,0,2
301,2,0,2
302,0,0,0
303,2,0,2
304,2,0,2
305,2,0,2
306,0,0,0
307,2,0,2
308,2,0,2
309,2,0,2
310,0,0,0
311,0,0,0
312,2,0,2
313,2,0,2
314,2,0,2
315,2,0,2
316,2,0,2
317,2,0,2
318,2,0,2
319,0,0,0
320,0,0,0
321,0,0,0
322,2,0,2
323,2,0,2
324,2,0,2
325,2,0,2
326,2,0,2
327,2,0,2
328,0,0,0
329,0,0,0
330,2,0,2
331,0,0,0
332,2,0,2
333,0,0,0
334,2,0,2
335,0,0,0
336,0,0,0
337,0,0,0
338,0,0,0
339,2,0,2
340,0,0,0
341,2,0,2
342,0,0,0
343,2,0,2
344,2,0,2
345,0,0,0
346,2,0,2
347,2,0,2
348,2,0,2
349,2,0,2
350,0,0,0
351,2,0,2
352,2,0,2
353,2,0,2
354,2,0,2
355,2,0,2
356,2,0,2
357,0,0,0
358,2,0,2
359,2,0,2
360,0,0,0
361,2,0,2
362,0,0,0
363,0,0,0
364,0,0,0
365,0,0,0
366,2,0,2
367,2,0,2
368,2,0,2
369,0,0,0
370,2,0,2
371,2,0,2
372,2,0,2
373,2,0,2
374,0,0,0
375,2,0,2
376,2,9,2
377,2,0,2
378,2,0,2
379,2,0,2
380,2,0,2
381,2,0,2
382,2,0,2
383,2,0,2
384,2,0,2
385,0,0,0
386,2,0,2
387,2,0,2
388,0,0,0
389,0,0,0
390,2,0,2
391,2,0,2
392,2,0,2
393,0,0,0
394,2,0,2
395,2,0,2
396,2,0,2
397,0,0,0
398,0,0,0
399,0,0,0
400,2,0,2
401,0,0,0
402,0,0,0
403,0,0,0
404,2,0,2
405,2,0,2
406,2,9,2
407,2,0,2
408,2,0,2
409,2,0,2
410,0,0,0
411,0,0,0
412,2,0,2
413,2,0,2
414,0,0,0
415,0,0,0
416,0,0,0
417,0,0,0
418,2,0,2
419,2,0,2
420,2,0,2
421,2,0,2
422,2,0,2
423,2,0,2
424,0,0,0
425,2,0,2
426,2,0,2
427,2,0,2
428,2,0,2
429,2,0,2
430,0,0,0
431,2,0,2
432,2,0,2
433,2,0,2
434,2,0,2
435,2,0,2
436,2,0,2
437,2,0,2
438,2,0,2
439,0,0,0
440,2,0,2
441,0,0,0
442,2,0,2
443,0,0,0
444,2,0,2
445,2,0,2
446,0,0,0
447,0,0,0
448,0,0,0
449,0,0,0
450,0,0,0
451,0,0,0
452,0,0,0
453,0,0,0
454,2,0,2
455,0,0,0
456,2,0,2
457,2,0,2
458,0,0,0
459,2,0,2
460,0,0,0
461,2,0,2
462,0,0,0
463,2,0,2
464,0,0,0
465,2,0,2
466,0,0,0
467,2,0,2
468,0,0,0
469,2,0,2
470,2,0,2
471,2,0,2
472,0,0,0
473,0,0,0
474,0,0,0
475,2,0,2
476,2,0,2
477,2,0,2
478,0,0,0
479,0,0,0
480,0,0,0
481,2,0,2
482,0,0,0
483,2,0,2
484,2,0,2
485,2,0,2
486,2,0,2
487,0,0,0
488,0,0,0
489,2,0,2
490,0,0,0
491,0,0,0
492,0,0,0
493,2,0,2
494,0,0,0
495,2,0,2
496,0,0,0
497,2,0,2
498,2,0,2
499,2,0,2
500,2,0,2
501,2,0,2
502,2,0,2
503,0,0,0
504,2,0,2
505,0,0,0
506,2,0,2
507,2,0,2
508,2,0,2
509,0,0,0
510,2,0,2
511,0,0,0
512,0,0,0
513,0,0,0
514,2,0,2
515,0,0,0
516,2,0,2
517,2,0,2
518,0,0,0
519,0,0,0
520,2,0,2
521,2,0,2
522,0,0,0
523,0,0,0
524,0,0,0
525,0,0,0
526,0,0,0
527,0,0,0
528,2,0,2
529,2,0,2
530,2,0,2
531,0,0,0
532,2,0,2
533,0,0,0
534,0,0,0
535,2,0,2
536,2,0,2
537,2,0,2
538,0,0,0
539,2,0,2
540,2,0,2
541,2,0,2
542,2,0,2
543,2,0,2
544,2,0,2
545,2,0,2
546,2,0,2
547,2,0,2
548,0,0,0
549,2,0,2
550,2,0,2
551,2,0,2
552,0,0,0
553,0,0,0
554,2,0,2
555,2,0,2
556,2,0,2
557,0,0,0
558,2,0,2
559,0,0,0
560,0,0,0
561,0,0,0
562,2,0,2
563,0,0,0
564,2,0,2
565,2,0,2
566,0,0,0
567,2,0,2
568,0,0,0
569,2,0,2
570,2,0,2
571,0,0,0
572,0,0,0
573,0,0,0
574,0,0,0
575,0,0,0
576,2,0,2
577,2,0,2
578,0,0,0
579,2,0,2
580,2,0,2
581,2,0,2
582,2,0,2
583,2,0,2
584,2,0,2
585,2,0,2
586,2,0,2
587,2,0,2
588,0,0,0
589,2,0,2
590,2,0,2
591,2,0,2
592,2,0,2
593,2,0,2
594,2,0,2
595,2,0,2
596,0,0,0
597,0,0,0
598,0,0,0
599,0,0,0
600,0,0,0
601,0,0,0
602,0,0,0
603,0,0,0
604,0,0,0
605,0,0,0
606,0,0,0
607,2,0,2
608,0,0,0
609,0,0,0
610,2,0,2
611,2,0,2
612,0,0,0
613,0,0,0
614,0,0,0
615,0,0,0
616,2,0,2
617,0,0,0
618,2,0,2
619,2,0,2
620,0,0,0
621,2,0,2
622,2,0,2
623,2,0,2
624,2,0,2
625,2,0,2
626,0,0,0
627,2,0,2
628,0,0,0
629,2,0,2
630,2,0,2
631,2,0,2
632,0,0,0
633,0,0,0
634,0,0,0
635,0,0,0
636,2,0,2
637,0,0,0
638,0,0,0
639,2,0,2
640,2,0,2
641,2,0,2
642,0,0,0
643,2,0,2
644,0,0,0
645,2,0,2
646,0,0,0
647,2,0,2
648,0,0,0
649,2,0,2
650,2,0,2
651,0,0,0
652,2,0,2
653,0,0,0
654,2,0,2
655,2,0,2
656,0,0,0
657,2,0,2
658,0,0,0
659,2,0,2
660,2,0,2
661,2,0,2
662,2,0,2
663,0,0,0
664,2,0,2
665,2,0,2
666,2,0,2
667,2,0,2
668,2,0,2
669,0,0,0
670,2,0,2
671,2,0,2
672,0,0,0
673,0,0,0
674,0,0,0
675,0,0,0
676,0,0,0
677,2,0,2
678,0,0,0
679,0,0,0
680,0,0,0
681,0,0,0
682,0,0,0
683,0,0,0
684,0,0,0
685,0,0,0
686,2,0,2
687,0,0,0
688,2,0,2
689,2,0,2
690,2,0,2
691,2,0,2
692,2,0,2
693,2,0,2
694,0,0,0
695,0,0,0
696,2,0,2
697,2,0,2
698,2,0,2
699,2,0,2
700,2,0,2
701,2,0,2
702,2,0,2
703,2,0,2
704,0,0,0
705,0,0,0
706,0,0,0
707,0,0,0
708,0,0,0
709,0,0,0
710,0,0,0
711,0,0,0
712,0,0,0
713,2,0,2
714,0,0,0
715,2,0,2
716,0,0,0
717,2,0,2
718,2,0,2
719,0,0,0
720,2,0,2
721,0,0,0
722,0,0,0
723,2,0,2
724,0,0,0
725,0,0,0
726,0,0,0
727,2,0,2
728,2,0,2
729,2,0,2
730,2,0,2
731,0,0,0
732,2,0,2
733,2,0,2
734,2,0,2
735,2,0,2
736,2,0,2
737,2,0,2
738,2,0,2
739,0,0,0
740,0,0,0
741,2,0,2
742,2,0,2
743,2,0,2
744,0,0,0
745,2,0,2
746,2,0,2
747,2,0,2
748,2,0,2
749,2,0,2
750,2,0,2
751,0,0,0
752,0,0,0
753,2,0,2
754,0,0,0
755,0,0,0
756,2,0,2
757,2,0,2
758,2,0,2
759,2,0,2
760,2,0,2
761,0,0,0
762,2,0,2
763,2,0,2
764,2,0,2
765,2,0,2
766,0,0,0
767,2,0,2
768,0,0,0
769,2,0,2
770,2,0,2
771,0,0,0
772,0,0,0
773,0,0,0
774,2,0,2
775,0,0,0
776,2,0,2
777,2,0,2
778,0,0,0
779,2,0,2
780,2,0,2
781,0,0,0
782,0,0,0
783,2,0,2
784,2,0,2
785,2,0,2
786,2,0,2
787,2,0,2
788,2,0,2
789,2,0,2
790,0,0,0
791,2,0,2
792,0,0,0
793,0,0,0
794,0,9,2
795,2,0,2
796,0,0,0
797,0,0,0
798,0,0,0
799,0,0,0
800,0,0,0
801,0,0,0
802,0,0,0
803,0,0,0
804,2,0,2
805,2,0,2
806,2,0,2
807,2,0,2
808,2,0,2
809,0,0,0
810,2,0,2
811,0,0,0
812,2,0,2
813,2,0,2
814,2,0,2
815,2,0,2
816,0,0,0
817,0,0,0
818,0,0,0
819,0,0,0
820,0,0,0
821,0,0,0
822,2,0,2
823,2,0,2
824,0,0,0
825,0,0,0
826,0,0,0
827,0,0,0
828,0,0,0
829,0,0,0
830,2,0,2
831,2,9,2
832,2,0,2
833,2,0,2
834,2,0,2
835,2,0,2
836,2,0,2
837,2,0,2
838,2,0,2
839,2,0,2
840,2,0,2
841,2,0,2
842,2,0,2
843,2,0,2
844,2,0,2
845,2,0,2
846,2,0,2
847,0,0,0
848,2,0,2
849,2,0,2
850,2,0,2
851,2,0,2
852,0,0,0
853,0,0,0
854,0,0,0
855,2,0,2
856,0,0,0
857,0,0,0
858,0,0,0
859,2,0,2
860,0,0,0
861,2,0,2
862,0,0,0
863,2,0,2
864,0,0,0
865,2,0,2
866,0,0,0
867,2,0,2
868,2,0,2
869,0,0,0
870,2,0,2
871,2,0,2
872,2,0,2
873,0,0,0
874,0,0,0
875,2,0,2
876,0,0,0
877,0,0,0
878,0,0,0
879,0,0,0
880,0,0,0
881,0,0,0
882,0,0,0
883,0,0,0
884,0,0,0
885,0,0,0
886,0,0,0
887,0,0,0
888,0,0,0
889,2,0,2
890,0,0,0
891,0,0,0
892,0,0,0
893,2,0,2
894,0,0,0
895,2,9,2
896,2,0,2
897,2,0,2
898,2,0,2
899,0,0,0
900,2,0,2
901,2,0,2
902,0,0,0
903,0,0,0
904,0,0,0
905,0,0,0
906,0,0,0
907,0,0,0
908,2,0,2
909,0,0,0
910,0,0,0
911,2,0,2
912,0,0,0
913,2,0,2
914,0,0,0
915,0,0,0
916,0,0,0
917,0,0,0
918,0,0,0
919,0,0,0
920,2,0,2
921,2,0,2
922,2,0,2
923,2,0,2
924,0,0,0
925,0,0,0
926,2,0,2
927,2,0,2
928,2,0,2
929,2,9,2
930,2,0,2
931,0,0,0
932,0,9,2
933,0,0,0
934,2,0,2
935,2,0,2
936,2,0,2
937,0,0,0
938,2,0,2
939,2,0,2
940,2,0,2
941,2,0,2
942,2,0,2
943,2,0,2
944,2,0,2
945,2,0,2
946,2,0,2
947,0,0,0
948,2,0,2
949,2,0,2
950,2,0,2
951,2,0,2
952,0,0,0
953,2,0,2
954,2,0,2
955,0,0,0
956,2,0,2
957,0,0,0
958,0,0,0
959,0,0,0
960,0,0,0
961,0,0,0
962,2,0,2
963,2,0,2
964,2,0,2
965,0,0,0
966,2,0,2
967,0,0,0
968,0,0,0
969,2,0,2
970,2,0,2
971,2,0,2
972,2,0,2
973,2,0,2
974,0,0,0
975,0,0,0
976,0,0,0
977,2,0,2
978,2,0,2
979,2,0,2
980,0,0,0
981,2,0,2
982,2,0,2
983,0,0,0
984,0,0,0
985,0,0,0
986,0,0,0
987,2,0,2
988,2,0,2
989,2,0,2
990,2,0,2
991,2,0,2
992,2,0,2
993,2,0,2
994,2,0,2
995,0,0,0
996,0,0,0
997,0,0,0
998,2,0,2
999,2,0,2
1000,2,0,2
1001,0,0,0
1002,0,0,0
1003,0,0,0
1004,2,0,2
1005,0,0,0
1006,0,0,0
1007,0,0,0
1008,2,0,2
1009,2,0,2
1010,0,0,0
1011,0,0,0
1012,0,0,0
1013,0,0,0
1014,0,0,0
1015,0,0,0
1016,0,0,0
1017,0,0,0
1018,0,0,0
1019,2,0,2
1020,0,0,0
1021,0,0,0
1022,0,0,0
1023,0,0,0
1024,0,0,0
1025,0,0,0
1026,2,0,2
1027,0,0,0
1028,0,0,0
1029,2,0,2
1030,0,0,0
1031,2,9,2
1032,2,0,2
1033,2,0,2
1034,0,0,0
1035,2,0,2
1036,0,0,0
1037,2,0,2
1038,2,0,2
1039,2,0,2
1040,2,0,2
1041,2,0,2
1042,0,0,0
1043,2,0,2
1044,2,0,2
1045,0,0,0
1046,0,0,0
1047,0,0,0
1048,2,0,2
1049,2,0,2
1050,0,0,0
1051,0,0,0
1052,0,0,0
1053,0,0,0
1054,2,0,2
1055,2,0,2
1056,2,0,2
1057,2,0,2
1058,2,0,2
1059,0,0,0
1060,2,0,2
1061,0,0,0
1062,0,0,0
1063,2,0,2
1064,2,0,2
1065,0,0,0
1066,2,0,2
1067,2,0,2
1068,0,0,0
1069,0,0,0
1070,2,0,2
1071,0,0,0
1072,0,0,0
1073,2,0,2
1074,0,0,0
1075,0,0,0
1076,2,0,2
1077,0,0,0
1078,2,0,2
1079,2,0,2
1080,0,0,0
1081,0,0,0
1082,2,0,2
1083,0,0,0
1084,2,0,2
1085,0,0,0
1086,2,0,2
1087,2,0,2
1088,2,0,2
1089,2,0,2
1090,2,0,2
1091,2,0,2
1092,2,0,2
1093,0,0,0
1094,2,0,2
1095,0,0,0
1096,0,0,0
1097,0,0,0
1098,0,0,0
1099,0,0,0
1100,0,0,0
1101,0,0,0
1102,0,0,0
1103,2,0,2
1104,0,0,0
1105,0,0,0
1106,0,0,0
1107,2,0,2
1108,2,0,2
1109,0,0,0
1110,0,0,0
1111,2,0,2
1112,0,0,0
1113,0,0,0
1114,0,0,0
1115,0,0,0
1116,0,0,0
1117,0,0,0
1118,0,0,0
1119,0,0,0
1120,0,0,0
1121,0,0,0
1122,0,0,0
1123,0,0,0
1124,0,0,0
1125,0,0,0
1126,0,0,0
1127,2,0,2
1128,0,0,0
1129,2,0,2
1130,2,0,2
1131,2,0,2
1132,0,0,0
1133,0,0,0
1134,0,0,0
1135,0,0,0
1136,2,0,2
1137,2,0,2
1138,2,0,2
1139,0,0,0
1140,2,0,2
1141,0,0,0
1142,0,0,0
1143,2,0,2
1144,0,0,0
1145,0,0,0
1146,0,0,0
1147,0,0,0
1148,0,0,0
1149,2,0,2
1150,2,0,2
1151,2,0,2
1152,2,0,2
1153,0,0,0
1154,2,0,2
1155,2,0,2
1156,2,0,2
1157,2,0,2
1158,2,0,2
1159,0,0,0
1160,0,0,0
1161,2,0,2
1162,2,0,2
1163,2,0,2
1164,2,0,2
1165,2,0,2
1166,0,0,0
1167,0,0,0
1168,2,0,2
1169,0,0,0
1170,2,0,2
1171,0,0,0
1172,0,0,0
1173,0,0,0
1174,2,0,2
1175,2,0,2
1176,2,0,2
1177,2,0,2
1178,2,0,2
1179,2,0,2
1180,2,0,2
1181,0,0,0
1182,0,0,0
1183,2,0,2
1184,0,0,0
1185,0,0,0
1186,2,0,2
1187,2,0,2
1188,0,0,0
1189,0,0,0
1190,2,0,2
1191,2,0,2
1192,2,0,2
1193,0,0,0
1194,0,0,0
1195,2,0,2
1196,2,0,2
1197,0,0,0
1198,2,0,2
1199,0,0,0
1200,0,0,0
1201,0,0,0
1202,0,0,0
1203,0,0,0
1204,0,0,0
1205,2,0,2
1206,0,0,0
1207,2,0,2
1208,0,0,0
1209,0,0,0
1210,0,0,0
1211,0,0,0
1212,0,0,0
1213,2,0,2
1214,2,0,2
1215,0,0,0
1216,2,0,2
1217,0,0,0
1218,0,0,0
1219,0,0,0
1220,0,0,0
1221,0,0,0
1222,2,0,2
1223,2,0,2
1224,2,0,2
1225,2,0,2
1226,2,0,2
1227,2,0,2
1228,2,0,2
1229,0,0,0
1230,0,0,0
1231,0,0,0
1232,0,0,0
1233,0,0,0
1234,0,0,0
1235,0,0,0
1236,0,0,0
1237,0,0,0
1238,0,0,0
1239,0,0,0
1240,0,0,0
1241,0,0,0
1242,0,0,0
1243,0,0,0
1244,0,0,0
1245,2,0,2
1246,0,0,0
1247,0,0,0
1248,0,0,0
1249,2,0,2
1250,2,0,2
1251,0,0,0
1252,0,0,0
1253,0,0,0
1254,0,0,0
1255,2,0,2
1256,0,0,0
1257,2,0,2
1258,0,0,0
1259,0,0,0
1260,0,0,0
1261,2,0,2
1262,2,0,2
1263,0,0,0
1264,0,0,0
1265,2,0,2
1266,0,0,0
1267,2,0,2
1268,0,0,0
1269,0,0,0
1270,2,0,2
1271,2,0,2
1272,0,0,0
1273,2,0,2
1274,0,0,0
1275,2,0,2
1276,2,0,2
1277,2,0,2
1278,2,0,2
1279,2,0,2
1280,0,0,0
1281,0,0,0
1282,2,0,2
1283,2,0,2
1284,2,0,2
1285,2,0,2
1286,2,0,2
1287,0,0,0
1288,0,0,0
1289,0,0,0
1290,0,0,0
1291,2,0,2
1292,2,0,2
1293,0,0,0
1294,0,0,0
1295,0,0,0
1296,0,0,0
1297,0,0,0
1298,2,0,2
1299,2,0,2
1300,2,0,2
1301,2,0,2
1302,2,0,2
1303,2,0,2
1304,2,0,2
1305,2,0,2
1306,0,0,0
1307,2,0,2
1308,0,0,0
1309,0,0,0
1310,2,0,2
1311,0,0,0
1312,0,0,0
1313,0,0,0
1314,0,0,0
1315,2,0,2
1316,0,0,0
1317,0,0,0
1318,0,0,0
1319,0,0,0
1320,0,0,0
1321,0,0,0
1322,2,0,2
1323,2,0,2
1324,2,0,2
1325,0,0,0
1326,2,0,2
1327,2,0,2
1328,0,0,0
1329,0,0,0
1330,2,0,2
1331,2,0,2
1332,0,0,0
1333,0,0,0
1334,2,0,2
1335,2,0,2
1336,2,0,2
1337,2,0,2
1338,0,0,0
1339,0,0,0
1340,2,0,2
1341,0,0,0
1342,0,0,0
1343,2,0,2
1344,2,0,2
1345,2,0,2
1346,2,0,2
1347,2,0,2
1348,0,0,0
1349,0,0,0
1350,0,0,0
1351,0,0,0
1352,0,0,0
1353,0,0,0
1354,0,0,0
1355,0,0,0
1356,0,0,0
1357,0,0,0
1358,0,0,0
1359,0,0,0
1360,2,0,2
1361,0,0,0
1362,0,0,0
1363,0,0,0
1364,2,0,2
1365,0,0,0
1366,0,0,0
1367,0,0,0
1368,0,0,0
1369,0,0,0
1370,0,0,0
1371,0,0,0
1372,0,0,0
1373,0,0,0
1374,0,0,0
1375,2,0,2
1376,2,0,2
1377,2,0,2
1378,2,0,2
1379,2,0,2
1380,0,0,0
1381,0,0,0
1382,2,0,2
1383,0,0,0
1384,2,0,2
1385,2,0,2
1386,0,0,0
1387,2,0,2
1388,2,0,2
1389,0,0,0
1390,0,0,0
1391,0,0,0
1392,2,0,2
1393,2,0,2
1394,2,0,2
1395,0,0,0
1396,0,0,0
1397,0,0,0
1398,2,0,2
1399,0,0,0
1400,0,0,0
1401,0,0,0
1402,0,0,0
1403,0,0,0
1404,0,0,0
1405,0,0,0
1406,2,0,2
1407,2,0,2
1408,0,0,0
1409,0,0,0
1410,2,0,2
1411,0,0,0
1412,0,0,0
1413,0,0,0
1414,0,0,0
1415,0,0,0
1416,0,0,0
1417,0,0,0
1418,0,0,0
1419,2,0,2
1420,2,0,2
1421,2,0,2
1422,0,0,0
1423,0,0,0
1424,2,0,2
1425,2,0,2
1426,0,0,0
1427,2,0,2
1428,2,0,2
1429,2,0,2
1430,2,0,2
1431,2,0,2
1432,0,0,0
1433,2,0,2
1434,2,0,2
1435,2,0,2
1436,2,0,2
1437,0,0,0
1438,0,0,0
1439,0,0,0
1440,0,0,0
1441,0,0,0
1442,0,0,0
1443,2,0,2
1444,2,0,2
1445,2,0,2
1446,0,0,0
1447,2,0,2
1448,0,0,0
1449,2,0,2
1450,0,0,0
1451,2,0,2
1452,2,0,2
1453,2,0,2
1454,2,0,2
1455,0,0,0
1456,2,0,2
1457,0,0,0
1458,2,0,2
1459,2,0,2
1460,0,0,0
1461,0,0,0
1462,0,0,0
1463,0,0,0
1464,0,0,0
1465,0,0,0
1466,2,0,2
1467,2,0,2
1468,2,0,2
1469,0,0,0
1470,0,0,0
1471,2,0,2
1472,0,0,0
1473,2,0,2
1474,0,0,0
1475,0,0,0
1476,0,0,0
1477,0,0,0
1478,0,0,0
1479,0,0,0
1480,2,0,2
1481,0,0,0
1482,0,0,0
1483,0,0,0
1484,0,0,0
1485,0,0,0
1486,0,0,0
1487,2,0,2
1488,2,0,2
1489,2,0,2
1490,2,0,2
1491,0,0,0
1492,2,0,2
1493,2,0,2
1494,2,0,2
1495,2,0,2
1496,2,0,2
1497,0,0,0
1498,0,0,0
1499,2,0,2
1500,2,0,2
1501,0,0,0
1502,2,0,2
1503,2,0,2
1504,2,0,2
1505,2,0,2
1506,0,0,0
1507,2,0,2
1508,2,0,2
1509,2,0,2
1510,2,0,2
1511,2,0,2
1512,2,0,2
1513,0,0,0
1514,2,0,2
1515,0,0,0
1516,2,0,2
1517,2,0,2
1518,0,0,0
1519,2,0,2
1520,2,0,2
1521,2,0,2
1522,2,0,2
1523,2,0,2
1524,0,0,0
1525,0,0,0
1526,2,0,2
1527,0,0,0
1528,2,0,2
1529,2,0,2
1530,2,0,2
1531,2,0,2
1532,0,0,0
1533,2,0,2
1534,2,0,2
1535,2,0,2
1536,0,0,0
1537,0,0,0
1538,2,0,2
1539,0,0,0
1540,0,0,0
1541,0,0,0
1542,0,0,0
1543,2,0,2
1544,2,0,2
1545,2,0,2
1546,0,0,0
1547,2,0,2
1548,0,0,0
1549,2,0,2
1550,2,0,2
1551,2,0,2
1552,2,0,2
1553,2,0,2
1554,0,0,0
1555,2,0,2
1556,0,0,0
1557,2,0,2
1558,0,0,0
1559,0,0,0
1560,2,0,2
1561,0,0,0
1562,2,0,2
1563,0,0,0
1564,0,0,0
1565,0,0,0
1566,2,0,2
1567,2,0,2
1568,2,0,2
1569,2,0,2
1570,2,0,2
1571,0,0,0
1572,0,0,0
1573,2,0,2
1574,2,0,2
1575,0,0,0
1576,2,0,2
1577,2,0,2
1578,0,0,0
1579,2,9,2
1580,2,0,2
1581,0,0,0
1582,2,0,2
1583,0,0,0
1584,2,0,2
1585,2,0,2
1586,0,0,0
1587,0,0,0
1588,2,0,2
1589,2,0,2
1590,2,0,2
1591,0,0,0
1592,0,0,0
1593,2,0,2
1594,2,0,2
1595,0,0,0
1596,2,0,2
1597,2,0,2
1598,0,0,0
1599,0,0,0
1600,0,0,0
1601,2,0,2
1602,0,0,0
1603,0,0,0
1604,2,0,2
1605,2,0,2
1606,2,0,2
1607,0,0,0
1608,2,0,2
1609,2,0,2
1610,2,9,2
1611,0,0,0
1612,0,0,0
1613,2,0,2
1614,0,0,0
1615,2,0,2
1616,2,0,2
1617,2,0,2
1618,2,0,2
1619,2,0,2
1620,2,0,2
1621,2,0,2
1622,0,0,0
1623,2,0,2
1624,2,0,2
1625,2,0,2
1626,2,0,2
1627,2,0,2
1628,2,0,2
1629,0,0,0
1630,2,0,2
1631,2,0,2
1632,2,0,2
1633,2,0,2
1634,2,0,2
1635,2,0,2
1636,2,0,2
1637,2,0,2
1638,2,0,2
1639,2,0,2
1640,2,0,2
1641,0,0,0
1642,2,0,2
1643,0,0,0
1644,2,0,2
1645,2,0,2
1646,2,0,2
1647,2,0,2
1648,2,0,2
1649,2,0,2
1650,0,0,0
